ObjectType = Image
NDims = 3
AnatomicalOrientation = RAI
BinaryData = True
BinaryDataByteOrderMSB = False
CenterOfRotation = 0 0 0
CompressedData = True
CompressedDataSize = 23774              
DimSize = 820 616                     21
ElementNumberOfChannels = 1
ElementSpacing = 1 1 1
ElementType = MET_UCHAR
Kinds = domain domain               list
Offset = 0 0 0
TransformMatrix = 1 0 0 0 1 0 0 0 1
UltrasoundImageOrientation = MFA
UltrasoundImageType = BRIGHTNESS
Seq_Frame0000_ProbeToTrackerTransform = 0.2381746423714529 0.4143579789451989 0.8783964395508901 267.890625 0.85279755700594 0.3435784471174196 -0.3933067218356217 -14.10165511690984 -0.4647678630197349 0.8427700255472026 -0.2715317984016538 278.9031451573606 0 0 0 1
Seq_Frame0000_ProbeToTrackerTransformStatus = OK
Seq_Frame0000_ReferenceToTrackerTransform = -0.776587492707624 0.4119682721540072 -0.476648726955741 208.9172901955901 0.5284090591326304 0.8379103938517499 -0.1367115141521519 9.376171874999999 0.3430681162635999 -0.3580339573471316 -0.8683984989563823 -94.98955078124999 0 0 0 1
Seq_Frame0000_ReferenceToTrackerTransformStatus = OK
Seq_Frame0000_Timestamp = 1109.632623849416
Seq_Frame0000_ImageStatus = OK
Seq_Frame0001_ProbeToTrackerTransform = 0.2452310889316907 0.4140357528008068 0.876604875884253 267.2348081594676 0.8500888444589293 0.3428546892741942 -0.3997494447390495 -15.13873958409743 -0.466058654621776 0.8432230176207035 -0.2678885458670736 276.2479539912727 0 0 0 1
Seq_Frame0001_ProbeToTrackerTransformStatus = OK
Seq_Frame0001_ReferenceToTrackerTransform = -0.7766108626847765 0.4120146374613546 -0.4765705682032783 208.84306640625 0.5283863523488847 0.8379403901128686 -0.1366153917716949 9.041308593749999 0.3430501867241107 -0.3579103814296002 -0.8684565206465265 -94.98955078124999 0 0 0 1
Seq_Frame0001_ReferenceToTrackerTransformStatus = OK
Seq_Frame0001_Timestamp = 1109.754206743986
Seq_Frame0001_ImageStatus = OK
Seq_Frame0002_ProbeToTrackerTransform = 0.2466987034297337 0.4138670873837155 0.8762726651599991 266.3503638589915 0.8490669378184302 0.3435663883093394 -0.4013072039319875 -15.87235460213773 -0.4671456783806546 0.8430161153884284 -0.2666434780107736 273.3157400144746 0 0 0 1
Seq_Frame0002_ProbeToTrackerTransformStatus = OK
Seq_Frame0002_ReferenceToTrackerTransform = -0.7768195687631677 0.4116507380828045 -0.4765448850029644 208.7984729451208 0.5280732066035929 0.8381002317170532 -0.1368454970513141 8.818066406249999 0.3430598286800792 -0.3579548455206391 -0.8684343858428744 -94.94495732012075 0 0 0 1
Seq_Frame0002_ReferenceToTrackerTransformStatus = OK
Seq_Frame0002_Timestamp = 1109.831769206619
Seq_Frame0002_ImageStatus = OK
Seq_Frame0003_ProbeToTrackerTransform = 0.2503643198635791 0.411675859814576 0.8762651960366662 265.2998666014006 0.8481791844892442 0.3431352370779105 -0.4035471224958084 -16.68439882823295 -0.4668080744143231 0.8442637002272546 -0.2632660747991965 271.4390267576506 0 0 0 1
Seq_Frame0003_ProbeToTrackerTransformStatus = OK
Seq_Frame0003_ReferenceToTrackerTransform = -0.776789468444802 0.4117271656080527 -0.4765279244846006 208.7314453125 0.5281033721542161 0.8380997136203242 -0.136732214012927 8.7064453125 0.343081550119775 -0.3578681476883496 -0.868461535611982 -94.96016816411647 0 0 0 1
Seq_Frame0003_ReferenceToTrackerTransformStatus = OK
Seq_Frame0003_Timestamp = 1109.904898339207
Seq_Frame0003_ImageStatus = OK
Seq_Frame0004_ProbeToTrackerTransform = 0.2502595566929633 0.4127251829413241 0.8758013916693054 265.0282213353439 0.8476809197615779 0.3436385624327665 -0.4041653086068952 -16.70341928965611 -0.4677683321431739 0.8435463601813431 -0.2638604283874358 270.145886549345 0 0 0 1
Seq_Frame0004_ProbeToTrackerTransformStatus = OK
Seq_Frame0004_ReferenceToTrackerTransform = -0.7766642245718937 0.4119376883664652 -0.4765501266114958 208.7314453125 0.5282986134691027 0.8379939038078775 -0.1366264695710804 8.77832163340611 0.3430645089145236 -0.357873662182797 -0.8684659950965901 -94.91767446034388 0 0 0 1
Seq_Frame0004_ReferenceToTrackerTransformStatus = OK
Seq_Frame0004_Timestamp = 1109.946995160797
Seq_Frame0004_ImageStatus = OK
Seq_Frame0005_ProbeToTrackerTransform = 0.2508181630108185 0.4143074734638527 0.8748940316037579 264.4081954224077 0.8470092950779805 0.3436509023032065 -0.4055604904298427 -16.96640625 -0.4686848655070706 0.8427653141760112 -0.2647283930114566 267.9468069153943 0 0 0 1
Seq_Frame0005_ProbeToTrackerTransformStatus = OK
Seq_Frame0005_ReferenceToTrackerTransform = -0.7765021144266748 0.4121577725107991 -0.4766239994480342 208.61982421875 0.5286081090755201 0.8377825245414062 -0.1367256691065405 8.9296875 0.3429547102905956 -0.3581150822458676 -0.8684098425038314 -94.8779296875 0 0 0 1
Seq_Frame0005_ReferenceToTrackerTransformStatus = OK
Seq_Frame0005_Timestamp = 1110.025279399527
Seq_Frame0005_ImageStatus = OK
Seq_Frame0006_ProbeToTrackerTransform = 0.2512622275080875 0.41508369918547 0.8743985451144005 263.6082544413861 0.8465276149925419 0.3437855969052125 -0.4064510553751403 -17.23041743361387 -0.4693168333681551 0.8423283124952129 -0.2649994790301565 266.4696338827722 0 0 0 1
Seq_Frame0006_ProbeToTrackerTransformStatus = OK
Seq_Frame0006_ReferenceToTrackerTransform = -0.7766021113103296 0.4120124607757641 -0.4765867107608412 208.61982421875 0.5285167242687301 0.8378062722607156 -0.1369332769229411 9.041308593749999 0.3428691191644261 -0.3582267191683267 -0.8683975960338141 -94.91869868361385 0 0 0 1
Seq_Frame0006_ReferenceToTrackerTransformStatus = OK
Seq_Frame0006_Timestamp = 1110.099473524885
Seq_Frame0006_ImageStatus = OK
Seq_Frame0007_ProbeToTrackerTransform = 0.2589904676393244 0.4128647985469795 0.8731933324257154 262.9972857770997 0.8447365430402986 0.3415358524217217 -0.412035719765767 -16.53791077709965 -0.4683418735542337 0.8443316407853788 -0.2603074525333077 265.8814453125 0 0 0 1
Seq_Frame0007_ProbeToTrackerTransformStatus = OK
Seq_Frame0007_ReferenceToTrackerTransform = -0.7766161310715239 0.411924045769161 -0.4766402893972183 208.6378131208496 0.5285683623076281 0.8377226435712619 -0.137245250611482 9.469804066650349 0.3427577443719249 -0.3585238527143524 -0.8683189366286606 -94.98955078124999 0 0 0 1
Seq_Frame0007_ReferenceToTrackerTransformStatus = OK
Seq_Frame0007_Timestamp = 1110.221998386934
Seq_Frame0007_ImageStatus = OK
Seq_Frame0008_ProbeToTrackerTransform = 0.2740817455301444 0.4099086313872749 0.869973626428618 262.597267823649 0.8430703001561808 0.3328416207358107 -0.4224321537247444 -16.69599829239907 -0.4627220178052007 0.8492298684220722 -0.2543559805039257 265.3642122823486 0 0 0 1
Seq_Frame0008_ProbeToTrackerTransformStatus = OK
Seq_Frame0008_ReferenceToTrackerTransform = -0.7764171315058654 0.412124913587787 -0.4767908278317264 208.7314453125 0.5288908872292694 0.8375029533755809 -0.1373434836205051 9.734618041300463 0.3427110551325127 -0.3588061575383549 -0.8682207518842897 -94.98955078124999 0 0 0 1
Seq_Frame0008_ReferenceToTrackerTransformStatus = OK
Seq_Frame0008_Timestamp = 1110.298314885489
Seq_Frame0008_ImageStatus = OK
Seq_Frame0009_ProbeToTrackerTransform = 0.2961201499473581 0.4017205120211307 0.8665641851684356 262.1777459678623 0.8389362445888462 0.3243294318842612 -0.4370313457050833 -16.94620299911228 -0.4566167258328563 0.8564058908222858 -0.2409774177274069 263.3747699089132 0 0 0 1
Seq_Frame0009_ProbeToTrackerTransformStatus = OK
Seq_Frame0009_ReferenceToTrackerTransform = -0.7765870015234646 0.4118380515670308 -0.4767620458323693 208.7314453125 0.5286291140814988 0.8376430728285973 -0.1374966991882889 10.0458984375 0.3427300523884713 -0.3588084472580553 -0.8682123066197917 -94.98955078124999 0 0 0 1
Seq_Frame0009_ReferenceToTrackerTransformStatus = OK
Seq_Frame0009_Timestamp = 1110.423430505786
Seq_Frame0009_ImageStatus = OK
Seq_Frame0010_ProbeToTrackerTransform = 0.3128773738242455 0.3953431485902633 0.8636038118324747 262.8199129298492 0.8348541868596776 0.3191051574898786 -0.4485425120835553 -16.96640625 -0.4529086393873602 0.8613220613255515 -0.2302130991976635 262.979296875 0 0 0 1
Seq_Frame0010_ProbeToTrackerTransformStatus = OK
Seq_Frame0010_ReferenceToTrackerTransform = -0.7767941064493689 0.4114106803786309 -0.4767936327761926 208.8749955274246 0.5282488926494857 0.8378551810922325 -0.1376655473656882 10.0458984375 0.3428469390269057 -0.3588034943911422 -0.8681682030646981 -94.98955078124999 0 0 0 1
Seq_Frame0010_ReferenceToTrackerTransformStatus = OK
Seq_Frame0010_Timestamp = 1110.501505240519
Seq_Frame0010_ImageStatus = OK
Seq_Frame0011_ProbeToTrackerTransform = 0.3291870691547224 0.3862779451454749 0.8616410056372162 263.31416015625 0.8310681002979162 0.3146869613416432 -0.4585825215037918 -16.85478515625 -0.4482875039174487 0.8670417899131231 -0.2174323995537716 263.09091796875 0 0 0 1
Seq_Frame0011_ProbeToTrackerTransformStatus = OK
Seq_Frame0011_ReferenceToTrackerTransform = -0.7770203452234761 0.4108370843995613 -0.4769195667938758 209.1478897219898 0.5278019470630292 0.8380886924099922 -0.1379581397779226 9.934277343749999 0.3430225762034705 -0.358915357342894 -0.8680525781760903 -94.98955078124999 0 0 0 1
Seq_Frame0011_ReferenceToTrackerTransformStatus = OK
Seq_Frame0011_Timestamp = 1110.576417629442
Seq_Frame0011_ImageStatus = OK
Seq_Frame0012_ProbeToTrackerTransform = 0.3392403718985832 0.3793633840063322 0.8608132160633776 263.3874106278982 0.8284543575011193 0.313000826587635 -0.4644285306620007 -16.78153468460179 -0.4456224271864227 0.8706973673043473 -0.2081027317402631 262.9060464033518 0 0 0 1
Seq_Frame0012_ProbeToTrackerTransformStatus = OK
Seq_Frame0012_ReferenceToTrackerTransform = -0.7771274861700486 0.4105208264097949 -0.4770173176341089 209.3628012528982 0.5275499821337484 0.8382283427281071 -0.1380733927951824 9.861026872101787 0.3431674322975637 -0.3589511060452524 -0.8679805394587987 -94.98955078124999 0 0 0 1
Seq_Frame0012_ReferenceToTrackerTransformStatus = OK
Seq_Frame0012_Timestamp = 1110.61864267873
Seq_Frame0012_ImageStatus = OK
Seq_Frame0013_ProbeToTrackerTransform = 0.3479523725681339 0.375382241679173 0.8590793438653529 264.2432793222337 0.8246509781544912 0.3133389365938238 -0.4709240650498681 -16.64961817674187 -0.4459595392555779 0.8722997669644138 -0.2005323063767586 262.0321025010244 0 0 0 1
Seq_Frame0013_ProbeToTrackerTransformStatus = OK
Seq_Frame0013_ReferenceToTrackerTransform = -0.7770162655898323 0.4106852837239455 -0.4770569365824313 209.7541103642419 0.5276983688538763 0.838154375854578 -0.1379553324260472 9.82265625 0.3431911340897222 -0.3589357045048672 -0.8679775374477183 -95.00762598924186 0 0 0 1
Seq_Frame0013_ReferenceToTrackerTransformStatus = OK
Seq_Frame0013_Timestamp = 1110.697630843532
Seq_Frame0013_ImageStatus = OK
Seq_Frame0014_ProbeToTrackerTransform = 0.351748902580678 0.3755093396475644 0.8574762068831641 265.1370132798155 0.8227109915306426 0.312973521623054 -0.4745463087808509 -16.85478515625 -0.4465639192186887 0.8723762437161583 -0.1988475683827451 261.3175770842897 0 0 0 1
Seq_Frame0014_ProbeToTrackerTransformStatus = OK
Seq_Frame0014_ReferenceToTrackerTransform = -0.7767615009935205 0.4109230710127981 -0.4772670115183998 210.1204106766051 0.5279976990990434 0.8379870301956279 -0.137826582958542 9.87216848910515 0.3433074428561221 -0.3590542673932767 -0.8678824993893287 -95.10117187499999 0 0 0 1
Seq_Frame0014_ReferenceToTrackerTransformStatus = OK
Seq_Frame0014_Timestamp = 1110.771907491012
Seq_Frame0014_ImageStatus = OK
Seq_Frame0015_ProbeToTrackerTransform = 0.3524757862062409 0.3766611050060226 0.8566721847439279 265.7244012526638 0.8216451765792868 0.3136270206944996 -0.4759593424803054 -16.78761886785345 -0.4479509168896578 0.8716447119474392 -0.198935849438408 260.9928286705431 0 0 0 1
Seq_Frame0015_ProbeToTrackerTransformStatus = OK
Seq_Frame0015_ReferenceToTrackerTransform = -0.7767487675917928 0.4108699633003369 -0.4773334529469011 210.3385954303535 0.5280088735508017 0.837963848035602 -0.1379246853793061 9.934277343749999 0.3433190666075 -0.3591691281874695 -0.8678303727462 -95.10117187499999 0 0 0 1
Seq_Frame0015_ReferenceToTrackerTransformStatus = OK
Seq_Frame0015_Timestamp = 1110.815392322886
Seq_Frame0015_ImageStatus = OK
Seq_Frame0016_ProbeToTrackerTransform = 0.3580461473919323 0.3765561332126979 0.8544053106563042 267.2049587420733 0.8191800720424254 0.3124203984364382 -0.480975575481109 -17.1896484375 -0.4480479504543697 0.8721232557274906 -0.1966063603063759 260.6405671380589 0 0 0 1
Seq_Frame0016_ProbeToTrackerTransformStatus = OK
Seq_Frame0016_ReferenceToTrackerTransform = -0.7769754252371197 0.4102392429789834 -0.477507017851704 210.8416196301322 0.5276147005272599 0.8381251419421399 -0.1384520647444365 10.15220629944109 0.3434121668856925 -0.3595135741032576 -0.8676508938913016 -95.10117187499999 0 0 0 1
Seq_Frame0016_ReferenceToTrackerTransformStatus = OK
Seq_Frame0016_Timestamp = 1110.894858934373
Seq_Frame0016_ImageStatus = OK
Seq_Frame0017_ProbeToTrackerTransform = 0.3618890941091901 0.3763235258871954 0.8528873826178103 268.6753629600851 0.8170573289140974 0.3124536075079329 -0.4845514053462637 -17.26632270255675 -0.4488358328304351 0.8722117558363381 -0.1944043418967328 259.9271902112216 0 0 0 1
Seq_Frame0017_ProbeToTrackerTransformStatus = OK
Seq_Frame0017_ReferenceToTrackerTransform = -0.777284167359068 0.4095507101002538 -0.4775955810403801 211.1138254137784 0.5271159759037892 0.8383534841406879 -0.1389682826265249 10.41909885127837 0.3434793605442928 -0.3597661066381153 -0.8675196121094532 -95.10117187499999 0 0 0 1
Seq_Frame0017_ReferenceToTrackerTransformStatus = OK
Seq_Frame0017_Timestamp = 1110.971313080311
Seq_Frame0017_ImageStatus = OK
Seq_Frame0018_ProbeToTrackerTransform = 0.3655097385246175 0.3764592381597047 0.8512820173408343 269.4854088413565 0.8155821610328979 0.311227709017518 -0.4878145669663993 -17.827745642642 -0.4485848522281757 0.8725914021716706 -0.1932766804544815 259.85390625 0 0 0 1
Seq_Frame0018_ProbeToTrackerTransformStatus = OK
Seq_Frame0018_ReferenceToTrackerTransform = -0.7773759104235392 0.4092721375858842 -0.4776850544962182 211.2350125825355 0.5269214727415301 0.838448136998357 -0.1391347660647091 10.6519071137855 0.3435701608944973 -0.3598625278628848 -0.8674436613308463 -95.21279296874999 0 0 0 1
Seq_Frame0018_ReferenceToTrackerTransformStatus = OK
Seq_Frame0018_Timestamp = 1111.017978461414
Seq_Frame0018_ImageStatus = OK
Seq_Frame0019_ProbeToTrackerTransform = 0.3702784839387844 0.3774083868268245 0.8487972395600548 270.936097340587 0.8137949148149378 0.308807275081475 -0.4923168730381909 -18.5502367687247 -0.4479192795061887 0.8730412226289936 -0.1927883363617431 259.6412316656123 0 0 0 1
Seq_Frame0019_ProbeToTrackerTransformStatus = OK
Seq_Frame0019_ReferenceToTrackerTransform = -0.777409731262095 0.4089992106413828 -0.4778637414930361 211.52197265625 0.5267825926140857 0.8385037521135308 -0.139325366715157 10.94943479061235 0.3437065752321007 -0.3600431965559918 -0.8673146411516204 -95.21279296874999 0 0 0 1
Seq_Frame0019_ReferenceToTrackerTransformStatus = OK
Seq_Frame0019_Timestamp = 1111.099013171806
Seq_Frame0019_ImageStatus = OK
Seq_Frame0020_ProbeToTrackerTransform = 0.3744565009370779 0.3768734563621617 0.8472005233683453 272.1288910207733 0.811724654089881 0.3084089233926313 -0.4959707873599628 -18.91894150519331 -0.448202426196717 0.8734130373777553 -0.1904317496898575 259.5756874010567 0 0 0 1
Seq_Frame0020_ProbeToTrackerTransformStatus = OK
Seq_Frame0020_ReferenceToTrackerTransform = -0.7774289327007478 0.4087391951947862 -0.4780549392185952 211.6885704114433 0.5266809387166754 0.8385285276822885 -0.1395603706483161 11.162109375 0.3438189107543356 -0.360280694146234 -0.8671714813306594 -95.21279296874999 0 0 0 1
Seq_Frame0020_ReferenceToTrackerTransformStatus = OK
Seq_Frame0020_Timestamp = 1111.176867623983
Seq_Frame0020_ImageStatus = OK
ElementDataFile = LOCAL
xyp{D}7%$["KbBE$[	))ITZ}ER!*"KE*+k*$?AӠs^>s;i                                                                                                                                                             ) )צ~q+wMr8UճFTBZ<dXͷw᧞>نgwo!2b`o<٥IIS߀.jʕIJ1wuwg_tYF̘dò/{ٞw^z5ϛR)2dUW_G^ MG7.6qvŔ
Gi[pK.jǚ.)iRyݣcaCY0G#OqѴCqӇ-yc7l޶'ᷭiӹb˓ynk0py)e)X0<Ԭ~Q21h7L'ʌXOxe)Ӵ7us	p-=0Ǝ+̛޸I_ոMyj-ujSGbUvgwş??ێ9w6^@x;>8¾rGFu5-n^Y2y˦WVtew
LK3+56[w}?$.ywdB94L$3tJG;{ՍB|ejP&Us6%ZU&ƄxtL<cJW@=ć`vq2ge+ks>x%fH{_WV-7p͸zI<O5d 2)seӎpSǽ0gI??a|gߎ?:$פդ'*ac)Q=p۪Cq+G<R`˚Ey`/FY_=Bm>=KcJd`{_Xxht[wMJfKu[beYYҤ9oȔׇE9B4:W;W
bo9NB͋ch`H5=f"D=~CDM:<0=SJ9CD,JV
S$                                                                                                                                                                                                                                                                                                                                                                                                                                                                                ^rHgԤtHMZ3@wM IE:"9upC@*rsAS#R|cTFzdM<jAZHd6N\ رgH$v㊅"#>,I)[ة~r}Q!uڦp&{W=S
dʖ`U^ͷw᧞ִKKm]-R	qz[vƓ]T9)O\)!mN]S^z}{3.Zny}eaGbyo=Z78?oS\K=A~1}0 	~ryyucƟXݗӼ%EO	_"u&&U.,~#Ǝ8c埯KLݵvil?.6zHoCJpж/I3<? xŁdF]OS2gm{3~]smoѡ/_<׿_~aL*<p7iE/k})#U	Okgh+̛޸Wo6jܦcύŖ`eCGOK7C*Mzջ:y%~goKwЁzve:ʗ*;s4w~K}8oLm,pҟYa#>fFI׹jϞ)QO7гF2[6qNQQMw{iN2۟M0<!MQG{<j?>9Kw$YiS*e_5}?NEʼq|}5{(u XP#}n;sQFZ(3@8xǝOYav-Rc]Ne[,|Y! aq]:!^PZ[Hd`^V{R}?FYtU;mq]eH]^qOL8}!JJ3Cu !/I Nu3E:*ꖌt                                                                                                                                                                                                                                                                                                                                                                                                                                                                                       ;	 uأzܷo北jYxH'TAEڸbHW}Nps\\H'vspճFTOGؽjn|Y̑(w	_l>l}>}\uuh8R*{8mΣ&<ڱQ-DCbίsg1;l5wp v4aOIMǊiߨZ)S58L3/k}`R	Q&C*M~sΚI#P6<`Ԍ[.[4kB4qznҼ5|9u"i%.oW|ce"Y㯼`͟jMp,y/ٴ͈nhผQy0A ո~A܅&mc@QQ-1 R%6                                                                                                                                                                                                                                                                                                                                                                                                                                                                                      A3# Rmu朌FV|8k29"RV?qZUD:DO~5Ɏ^xzAt}+gP3D:D$h3]t8*GI[቉Q6ӮL$ϪTjW]smFZjש}{fc)\ևG%q,1sdi?}0mƧs~ݾ'蓫`SS<C77b#:/??%EcJ;j:/r	Rn''|๺w:+_0%癡C_.ٵ'XռHҕD81E4;W3Fc2uشK\:y&k_c>;twwCzTYu̾}?UVuNqєoPaո{jtni^8VNzwH&CHGsgB\8z,_-ݻtU׹j׵rKw')iR{Wkp쿨}Hys8L
f;ǆqLMykAuB6R`	[;9+T-?p`7ydCPJnOvU3dȆiA[Һb]Ƽ+3>&d 2'^5υ.<eÃ`wK%۪@+7)رy	kh2!
 aPm΂UG//;MO~uz鏄 *Gs72`䇋P`]}<M)=c.9eŊzJ a-_}?rS1bZ5snU/!z9ݱ׷:MlB$MO1'3+ؖk&/߷OڴF_>ԫò_*ߞ>%) :݃[8n,Ym!Z߽[Ǘ[>`4\pRfCoRɟR                                                                                                                                                                                                                                                                                                                                                                                                                                                                           ऒ5 u9aE:4mjD:	M=sWvל1i [t"nU>׺t$j~{T#&é.;1n>e53vєQ:SNkנqӛ[j۾s7`z)>lPw:P2ֿ=lߝ9sF3?t蛥+V巭;ЂŊ,i'&.zRj+oqV
q}b'.I0p,Sœ֤R<,LܥNM,pr?:U7|>n`y،\$5yaDڳ{W=c8fNv̚06/RH0;G͒v5f]*d
ϐ%]Fm3mlݼkV.v¹NҸ:ys's>1~ᑏl7kңr~Ȓ{ӷo>z{tn\[e[/节B 7*se;m\4~T>+H{ x>Glɖ,dL6qO9j^|uo==cCd=vF^]ş+?l6juZFިva}w&?J5W݃)YyqvW(~cZergVn}[C6F1>86h'W:l՚%C*M==~ڽO-C6@7||+ruǍy}ic&(d 2'^.QJ>gVk[Bү%l
¤@kyĝoQ-Wm~n]pqP>e9ʍ_3RnQ1TzeMO-/QBRB2髚'"4;GiNS-FM]{}t~>#ž~-E"R/->puHgԤ/C N
=pRX                                                                                                                                                                                                                                                                                                                                                                                                                                                                                 DZS2fHv2dH8yv5N)OAt<tK_7m%Mn~H'(VM.sDVkHhunM\3]ruHhʶ$e-|m>b=IOh~;'fϙ;o]%6jl/}cӣkаQM4nܨa.$_ޟ.1!J0j$엯Z3sF.fS6!&"!\7sxYE;mܗptÜ3LB.mϾV-[y_oYf	eR6DeޮR/lߡ	5oت)Ord7MfcVȒR xѱAeݽעEk
ߵM*}4l9aAzAk5MNVvOiX}L͟2oTݝҟ!M?`zmk{~f_$jlgm7fg[$j+"/_̈JQ-酲HSȚmR q5NvjV2                                                                                                                                                                                                                                                                                                                                                                                                                                                                                        2)'G"Rw4vw6F:Dלvm߲ԏt r!֧]mݳ#
Qs/*YиBwfv3OZF:Db}_i/$<wIreD:$DJטCcǎY=!!\@zk)>^_%-uEy#u?I*Vqu4iּۢkfϏx镑׉tVMgCoF?:b虧E.'DVU/+Л>f-.7(yĻ2ԧ\m;&$Ɯ[INgذar$Hx*^X^hoQ>׋DXre6J4ʹ►-ōmA&7R	u)Mh!^dd1cK{<v|?pȗ_|~ؐi;3Aue<j+>r{ N4ufQ1tĉ5dmSC@ܸ63 nT_)3                                                                                                                                                                                                                                                                                                                                                                                                                                                                                       9I'C5z>pmmε8b9mrl"s_-k:
"E\ѫR(BgADg7];sKmE}֦Q>2`cO:sw7浫h5s(Z:y_ժmlV2ѥBBܷ~MsNnPaIOU\Im2yKU+U<DP1i͚PWfdO>tȳ ;ھn4~ʴywlO<6[bRBs+OcҮnݛ|[׮]tv#Wg^7o̖u7|k&DEk\z=};+tcc&DF͛3x':ս7%?|U("N[3RyIxj~f6jSaEL<%I?\vſⳖ
5izYcq)2__E{MH%7?
l1                                                                                                                                                                                                                                                                                                                                                                                                                                                                                       tW7sVN(?tă
ÿ޸Qß~wߖ\ˁ:kj,ǦKΙEmz3RBGAdAe7`̈^BgAdWc{AbaQW[^Y<k Z-ϸ01'N9wfUBA{:@)ϫVmߝsmDfW7t!DKgnlPa;7dStYܲ-sJjԐs.lFyjJ0iIn{[܇_b59}I*Qq6Fd3͏+\()W6pfoJ7Hͬիguz zlمХ+Vݲc46oڰ~ݼgDR⠕v(wk]~vڵ#YѪd8ȋy'>{3[~?N/&=|j?,iIl2R[f43[8]^Ձ?qOVdm}DŤe~{ǝsiƗ(k3<u弿Yf'̙MgqaE۞Gc[NrBͲ                                                                                                                                                                                                                                                                                                                                                                                                                                                                                   )X<)tĕڽ{ZJC@% _~W_ģ;:"Cl6}%˶sfu96tD}^`[5坏fϪM7`̈^BADg_|Egʘ&{6_4H:")kqtRUٛY<k{n8"(Z{w-޸c4׮Z6q*iԜ}LktiIulfܩS&4tD]RL޸.ZߪJ{	;5Ӈ	)2gJJ<&o(Үn㻜C:VQWk7nmuuQW.s9<]vk(KȟXWs6,	-Ͽ8èX=uNvڽ?L=.|eɟL<c Զemf4p3g7Y۞                                                                                                                                                                                                                                                                                                                                                                                                                                                                                        GC@^ՠ-'tD\R"yz/[w3F<7O{f5BgAdӳmEs?wYY6m\.w/\BAݿ^|An;1tDѣLBA%>-Ϝ5[̜ۧW	QʎoإFdL0WMKn&;+[ڗ4ivw?%TnБ!V0}2g3[ffƘBA<bKrΠEmyJT~N'lӾ.xps~ؐ=_nu̆tߺυ[i]?~XxS<6YrqEmy<]aE qҜ,j:@ZlE3f}쟾:t
ą4oo|oPόO]W&N                                                                                                                                                                                                                                                                                                                                                                                                                                                                                            m5}zJyC@\(5h'g=#ԮQBr| i	o>BA$?=~ZJiIg3Yfְ~u=m`3?}+BA4hfk
e T>zO~ڭ{nfG\2t!DNb媞S/['0z܄\-{7o΃KH,^&s\ִ;7U	 .˦;6.K >sȂ3ͮ<"T^8pDU±EL>oeMV
Vѯ}NOZEoO
+1Z6gof_x~W\/
)ε
]W֬u6z7u(:"/c!{3:Y>7X!'
V8rjR$t                                                                                                                                                                                                                                                                                                                                                                                                                                                                                        .Go۬aSJ:BA?y?gq_B@Nl+q]>h~Q˔(/tDX귻7l[c_<m:BA$Y?-Y%NHj6k-{&ĴՎ]S~r2ʵc: +Wz}Y}kyBAdaͬCwATkOg};FuÚNPɓ8ԦoksZ6ÁH53OY+tD_'c΅w8`
KiyfL5悡 N{~um)I{ ּvm'xp._nkjnxpNv(k3=~\:QiY]:1Ly$/8TWͽ<tčuGbslYB^GB-.;1t                                                                                                                                                                                                                                                                                                                                                                                                                                                                                      ފ\8o#iIfeJ:"DŁ؆ƾ4x;u:
"ab{ھWǪ~V:)qо4w
.H*Z}7eCA%<wQ3a=7CAu?/9^Z;קx{7֎	 zxov9W.y<J/Nmwl~;(6"^fF2OX%}/rs̺ɼ5>_tÊ>;/)yX.c[6uKL:iI',m5}fg7Mg>dOl.h+Z/f&ӱ]͓CwA[n]Y%K8+tDٹt{_|u	?Hɭg̺y˅;ޜs5C@9SB@|Hٌ߮{R	՛h꡹6ٯ34)                      ;P8ns#IUT%$Mr-JԝhU~eIk'c)R
v~uѨn^a<绝                                                                                                                                                                                                                                                                                                                                                                                                                                                              bO%
d;bH}ѥ~rREe;"h'`˚̜>=uNHx`6vDر{iɰ .6ZagAdYf7WvDSAߜ<kkv/vDQ֢ՓN=ѕmn:wfq'#8X^X╎-e>˜ X8;J|s׎*wU^^3v*(ZRF9[7{5mʞ4X0FB:_afߟL1j/{z謟BYJbR:_Sw{Q	~Q/=?g#h%ߑ	~g3˝3o;CbKG{ے_6r]n֮'<-՚67[Җa7AM9mmzq ?fvvEq|nȋ'oܷ/Q($EU:M+mf;	bçNxka@(vv&^vyI6Qm2.yηȌj ؖbIҽx                                                                                                                                                                                                                                                                                                                                                                                                                                                                                    iYؒAϮ^!`S &S=}=Ee155ϟA{ .gϓ4SOSzwZ6ktaA$uh5+̙1İ Z~c֥eJ	'o7&ZmLvDR\6Mמ#pvD\8`3㺴otlQe?w&Ϝ4uݦAϗvDY*mt5{N5s:WvĀylG7;bBL\IeJwqLӮ8m3x|	3R}YA1ϽM{67tЮMk
=پv劥K/?Ұ jskvD['6aAejקoܷ+;	"-kپl')$5G[8eيWmZ(jݶ}]f J[${\;^Z=e+ vc5î/vĎ~`3U޴Ȍm2cϜvĒ                                                                                                                                                                                                                                                                                                                                                                                                                                                                                   #JT.]8gCzzum:*W8W9ie׭Rl_r'5Z		)osIÏ	KG;e{:_mf!>x~}1ydׯfSjT4k:x4\}y
	Quu?O>~zKf-ɴGK	Qo欇{龟r]BL8d3qb2%yC d9G,Uێy,uoxC)_VnSo!BdO-]ig]3m|;HB9k6nڕ+.Ȁ=wv۝lsJQ?rnh?dȱɯO߸o6k-bپ|smEjpqʺ癛vĀZn nϿ1צ-[wovČ?f rWi<_L8nĪ'b#Y-
g]#wk>ȌoM93%dJQnXR~a7                                                                                                                                                                                                                                                                                                                                                                                                                                                                                     JWXaW@ʟ-mG~^7kquyT9AU{{ǼL[6W_X,@+Y6{[o}85@ea''+'NYzdu~GNߙN۰K!fQ4h[l1ݻйC6aIPZ]閻ܰǿ;eƜS{ԕ+.Y],e.a[O([F7Mn~sJ*޹VKWxukG0"Ա_lz~>3dȱe4zW*xd j.:~1yJXrRkf$>+]V|jy,[͒kJ>97@F_Zm߱An\~(p8 =g뾏?8IeMir^ͼp rUoZ64ff:M?(+_mfqa@l^iy|%+Jk%|L+&ޭ|;                                                                                                                                                                                                                                                                                                                                                                                                                                                                                          bZNTaw@,ȶOo<zضyskRḢQUW3Hm?:!y'MNʙgٵe]aA=󴪉e/^`\.H̒	ǎx'>r;ztvCڴv3)~`:6|}ӦkW\tne);6mߟ1ŷv|sJa)޹/ZD|ov~!#ߙ4}O>Ka9u&wiܬjYfCSN)7lESgP,9ҽ{;#G]B$X9C[6oO4mƬ.NY⻴|$dIbЖ~<KPZ:\аeWhպm]OL[8b	r[LuT;>GV0DA=cŔ>*EK	!
+ooZ6Ӈ4ff:UUy6:F'7AU|rjC+W yQvˇTÇ'>Z=uMLq~?|xʵk'@']!QYzo{qN.-F&K!⊔qU_hW5G|zff˘ $)m3]Դ|	2=^~x_o4C\fܗ?!4wwWtvĊ<Wp='$                                                                                                                                                                                                                                                                                                                                                                                                                                                                                   H_ʵ);z'^N:.(_Ì vl\xƾt{o}fΫY$6ľزnU'vDyCXֶX|aA4[vͬ؃{rCZ6I

P=~q7_r颹Θ6Oc!t׻+l9xv*U({Ba7Cz?|ӵH*/{س^ykҌy)n>/3v3(?6ڽ?e+P*55l֪C{?N7[nɝ+gqafCH>s+}uzͻWRG:"hWSf]pȻ{?tg˿zMv̮mܰGwL<wq.mުm;ۤ<Ү]|G-f˕OնlI߄RuFR$_ȬaGL혔pBĜ*(XjR5ꙉ!uٰ+/cӦfȱ~DwMyAUM.0m3C3b'2
R|Sr&_\r?x:eL^D[gi4Ϲڍ^?Ȼ e*}bȚŲ!	YK"eO =~EîQ)?LLN2`[Wn\q; v\$&v+st7zɖ xEegȐ
o} ȠLo4SUmw b'NȀo{O ]e[]w3&*vD_\oj'6];rߙfeîˑG6mfa@,(ߵ#,>vĂ/Z(Yny4w>mvĎk'ovĒbH
bI"\	                                                                                                                                                                                                                                                                                                                                                                                                                                                                              V                                                                                                                                                                                                                                                                                                                         