ObjectType = Image
NDims = 3
AnatomicalOrientation = RAI
BinaryData = True
BinaryDataByteOrderMSB = False
CenterOfRotation = 0 0 0
CompressedData = True
CompressedDataSize = 1364968            
DimSize = 820 616                    201
ElementNumberOfChannels = 1
ElementSpacing = 1 1 1
ElementType = MET_UCHAR
Kinds = domain domain               list
Offset = 0 0 0
TransformMatrix = 1 0 0 0 1 0 0 0 1
UltrasoundImageOrientation = MFA
UltrasoundImageType = BRIGHTNESS
Seq_Frame0000_FrameNumber = 1449
Seq_Frame0000_ProbeToTrackerTransform = 0.0378701 -0.1631 0.98603 199.132 0.129014 0.979239 0.157182 -30.1377 -0.990993 0.121288 0.0581263 7.70186 -0 0 -0 1
Seq_Frame0000_ProbeToTrackerTransformStatus = OK
Seq_Frame0000_ReferenceToTrackerTransform = 0.0637234 0.990355 0.124049 101.129 0.998014 -0.0633744 -0.00584221 -22.9939 0.00207164 0.124169 -0.992333 88.1807 -0 0 -0 1
Seq_Frame0000_ReferenceToTrackerTransformStatus = OK
Seq_Frame0000_StylusToTrackerTransform = -0.0642621 -0.56046 -0.825704 505.532 -0.997937 0.03613 0.0532289 -128.476 -9.38348e-005 0.827545 -0.561681 77.9115 0 0 0 1
Seq_Frame0000_StylusToTrackerTransformStatus = OK
Seq_Frame0000_Timestamp = 7417.731300
Seq_Frame0000_UnfilteredTimestamp = 7417.730000
Seq_Frame0000_ImageStatus = OK
Seq_Frame0001_FrameNumber = 1450
Seq_Frame0001_ProbeToTrackerTransform = 0.0357528 -0.162078 0.986292 198.686 0.12206 0.980176 0.15673 -30.6958 -0.991934 0.114792 0.0548571 11.0505 -0 0 -0 1
Seq_Frame0001_ProbeToTrackerTransformStatus = OK
Seq_Frame0001_ReferenceToTrackerTransform = 0.0637234 0.990355 0.124049 101.129 0.998014 -0.0633744 -0.00584221 -22.9939 0.00207164 0.124169 -0.992333 88.1807 -0 0 -0 1
Seq_Frame0001_ReferenceToTrackerTransformStatus = OK
Seq_Frame0001_StylusToTrackerTransform = -0.0643299 -0.560453 -0.825694 505.532 -0.997925 0.0361981 0.0533292 -128.476 6.97493e-006 0.827541 -0.561686 77.9115 0 0 0 1
Seq_Frame0001_StylusToTrackerTransformStatus = OK
Seq_Frame0001_Timestamp = 7417.816414
Seq_Frame0001_UnfilteredTimestamp = 7417.818000
Seq_Frame0001_ImageStatus = OK
Seq_Frame0002_FrameNumber = 1451
Seq_Frame0002_ProbeToTrackerTransform = 0.0338818 -0.159093 0.9868 198.016 0.111713 0.981782 0.154456 -31.4771 -0.99318 0.104877 0.0509485 16.9664 -0 0 -0 1
Seq_Frame0002_ProbeToTrackerTransformStatus = OK
Seq_Frame0002_ReferenceToTrackerTransform = 0.0637234 0.990355 0.124049 101.129 0.998014 -0.0633744 -0.00584221 -22.9939 0.00207164 0.124169 -0.992333 88.1807 -0 0 -0 1
Seq_Frame0002_ReferenceToTrackerTransformStatus = OK
Seq_Frame0002_StylusToTrackerTransform = -0.0644284 -0.560381 -0.825696 505.532 -0.997918 0.0360922 0.053398 -128.476 -5.05164e-005 0.827555 -0.561486 77.7999 0 0 -0 1
Seq_Frame0002_StylusToTrackerTransformStatus = OK
Seq_Frame0002_Timestamp = 7417.902229
Seq_Frame0002_UnfilteredTimestamp = 7417.907000
Seq_Frame0002_ImageStatus = OK
Seq_Frame0003_FrameNumber = 1452
Seq_Frame0003_ProbeToTrackerTransform = 0.0326315 -0.157209 0.987112 197.569 0.101179 0.983093 0.153273 -32.3701 -0.994415 0.0947853 0.0479397 21.6545 -0 0 -0 1
Seq_Frame0003_ProbeToTrackerTransformStatus = OK
Seq_Frame0003_ReferenceToTrackerTransform = 0.0637234 0.990355 0.124049 101.129 0.998014 -0.0633744 -0.00584221 -22.9939 0.00207164 0.124169 -0.992333 88.1807 -0 0 -0 1
Seq_Frame0003_ReferenceToTrackerTransformStatus = OK
Seq_Frame0003_StylusToTrackerTransform = -0.0643601 -0.5603 -0.825756 505.532 -0.997923 0.036087 0.0534019 -128.476 -0.000151337 0.827615 -0.561519 77.7999 0 0 -0 1
Seq_Frame0003_StylusToTrackerTransformStatus = OK
Seq_Frame0003_Timestamp = 7418.003314
Seq_Frame0003_UnfilteredTimestamp = 7418.071000
Seq_Frame0003_ImageStatus = OK
Seq_Frame0004_FrameNumber = 1453
Seq_Frame0004_ProbeToTrackerTransform = 0.031863 -0.15842 0.987017 197.569 0.0966793 0.98341 0.154798 -32.8166 -0.994872 0.0903828 0.0466384 23.4404 -0 0 -0 1
Seq_Frame0004_ProbeToTrackerTransformStatus = OK
Seq_Frame0004_ReferenceToTrackerTransform = 0.0637222 0.990325 0.124168 101.129 0.998014 -0.0633727 -0.0058498 -22.9939 0.00207933 0.124287 -0.992303 88.1807 -0 0 -0 1
Seq_Frame0004_ReferenceToTrackerTransformStatus = OK
Seq_Frame0004_StylusToTrackerTransform = -0.0643234 -0.56034 -0.825649 505.532 -0.997925 0.0361908 0.0533263 -128.476 1.13841e-005 0.827496 -0.561573 77.9115 0 0 0 1
Seq_Frame0004_StylusToTrackerTransformStatus = OK
Seq_Frame0004_Timestamp = 7418.102943
Seq_Frame0004_UnfilteredTimestamp = 7418.158000
Seq_Frame0004_ImageStatus = OK
Seq_Frame0005_FrameNumber = 1454
Seq_Frame0005_ProbeToTrackerTransform = 0.0305275 -0.160217 0.986759 197.681 0.10632 0.982171 0.156294 -32.705 -0.993965 0.100041 0.0470047 19.3104 -0 0 -0 1
Seq_Frame0005_ProbeToTrackerTransformStatus = OK
Seq_Frame0005_ReferenceToTrackerTransform = 0.0637222 0.990325 0.124168 101.129 0.998014 -0.0633727 -0.0058498 -22.9939 0.00207933 0.124287 -0.992303 88.1807 -0 0 -0 1
Seq_Frame0005_ReferenceToTrackerTransformStatus = OK
Seq_Frame0005_StylusToTrackerTransform = -0.0643255 -0.560498 -0.825581 505.42 -0.997925 0.036201 0.0533219 -128.476 4.76853e-007 0.827428 -0.561731 77.9115 0 0 0 1
Seq_Frame0005_StylusToTrackerTransformStatus = OK
Seq_Frame0005_Timestamp = 7418.201157
Seq_Frame0005_UnfilteredTimestamp = 7418.240000
Seq_Frame0005_ImageStatus = OK
Seq_Frame0006_FrameNumber = 1456
Seq_Frame0006_ProbeToTrackerTransform = 0.0314219 -0.158152 0.987026 197.234 0.127222 0.980162 0.152971 -31.3655 -0.991425 0.120759 0.0508633 9.04131 -0 0 -0 1
Seq_Frame0006_ProbeToTrackerTransformStatus = OK
Seq_Frame0006_ReferenceToTrackerTransform = 0.0637234 0.990355 0.124049 101.129 0.998014 -0.0633744 -0.00584221 -22.9939 0.00207164 0.124169 -0.992333 88.1807 -0 0 -0 1
Seq_Frame0006_ReferenceToTrackerTransformStatus = OK
Seq_Frame0006_StylusToTrackerTransform = -0.0642254 -0.560506 -0.825593 505.532 -0.997939 0.0361329 0.0532217 -128.476 6.89062e-005 0.827425 -0.561734 77.9115 0 0 0 1
Seq_Frame0006_StylusToTrackerTransformStatus = OK
Seq_Frame0006_Timestamp = 7418.369755
Seq_Frame0006_UnfilteredTimestamp = 7418.328000
Seq_Frame0006_ImageStatus = OK
Seq_Frame0007_FrameNumber = 1457
Seq_Frame0007_ProbeToTrackerTransform = 0.028501 -0.161145 0.986592 197.011 0.132964 0.978889 0.156064 -31.0307 -0.990705 0.12672 0.0492644 6.02754 -0 0 -0 1
Seq_Frame0007_ProbeToTrackerTransformStatus = OK
Seq_Frame0007_ReferenceToTrackerTransform = 0.0637246 0.990385 0.123931 101.129 0.998014 -0.0633761 -0.00583462 -22.9939 0.00206395 0.12405 -0.992363 88.1807 -0 0 -0 1
Seq_Frame0007_ReferenceToTrackerTransformStatus = OK
Seq_Frame0007_StylusToTrackerTransform = -0.0642254 -0.560506 -0.825593 505.42 -0.997939 0.0361329 0.0532217 -128.364 6.89062e-005 0.827425 -0.561734 77.9115 0 0 0 1
Seq_Frame0007_StylusToTrackerTransformStatus = OK
Seq_Frame0007_Timestamp = 7418.470058
Seq_Frame0007_UnfilteredTimestamp = 7418.512000
Seq_Frame0007_ImageStatus = OK
Seq_Frame0008_FrameNumber = 1458
Seq_Frame0008_ProbeToTrackerTransform = 0.0232269 -0.162987 0.986508 196.23 0.139392 0.977607 0.158265 -31.0307 -0.990061 0.133859 0.0454032 3.23701 -0 0 -0 1
Seq_Frame0008_ProbeToTrackerTransformStatus = OK
Seq_Frame0008_ReferenceToTrackerTransform = 0.0637258 0.990415 0.123813 101.129 0.998014 -0.0633777 -0.00582704 -22.9939 0.00205626 0.123932 -0.992393 88.1807 -0 0 -0 1
Seq_Frame0008_ReferenceToTrackerTransformStatus = OK
Seq_Frame0008_StylusToTrackerTransform = -0.0641248 -0.560503 -0.825602 505.532 -0.997946 0.036234 0.0531536 -128.364 0.000137336 0.827423 -0.561738 77.9115 0 0 0 1
Seq_Frame0008_StylusToTrackerTransformStatus = OK
Seq_Frame0008_Timestamp = 7418.569272
Seq_Frame0008_UnfilteredTimestamp = 7418.601000
Seq_Frame0008_ImageStatus = OK
Seq_Frame0009_FrameNumber = 1459
Seq_Frame0009_ProbeToTrackerTransform = 0.0246692 -0.164151 0.986307 196.676 0.136448 0.977862 0.159302 -30.919 -0.990337 0.130545 0.0464901 4.91133 -0 0 -0 1
Seq_Frame0009_ProbeToTrackerTransformStatus = OK
Seq_Frame0009_ReferenceToTrackerTransform = 0.063727 0.990444 0.123695 101.129 0.998014 -0.0633794 -0.00581945 -22.9939 0.00204858 0.123814 -0.992423 88.1807 -0 0 -0 1
Seq_Frame0009_ReferenceToTrackerTransformStatus = OK
Seq_Frame0009_StylusToTrackerTransform = -0.0642298 -0.560545 -0.825649 505.532 -0.997939 0.0361354 0.0532253 -128.364 7.53937e-005 0.827482 -0.561651 77.9115 0 0 0 1
Seq_Frame0009_StylusToTrackerTransformStatus = OK
Seq_Frame0009_Timestamp = 7418.663141
Seq_Frame0009_UnfilteredTimestamp = 7418.668000
Seq_Frame0009_ImageStatus = OK
Seq_Frame0010_FrameNumber = 1460
Seq_Frame0010_ProbeToTrackerTransform = 0.0267462 -0.165779 0.985884 197.346 0.126371 0.978971 0.16121 -31.4771 -0.991672 0.120267 0.0471206 10.1575 -0 0 -0 1
Seq_Frame0010_ProbeToTrackerTransformStatus = OK
Seq_Frame0010_ReferenceToTrackerTransform = 0.063727 0.990444 0.123695 101.129 0.998014 -0.0633794 -0.00581945 -22.9939 0.00204858 0.123814 -0.992423 88.1807 -0 0 -0 1
Seq_Frame0010_ReferenceToTrackerTransformStatus = OK
Seq_Frame0010_StylusToTrackerTransform = -0.0642298 -0.560545 -0.825649 505.532 -0.997939 0.0361354 0.0532253 -128.364 7.53937e-005 0.827482 -0.561651 77.9115 0 0 0 1
Seq_Frame0010_StylusToTrackerTransformStatus = OK
Seq_Frame0010_Timestamp = 7418.754496
Seq_Frame0010_UnfilteredTimestamp = 7418.748000
Seq_Frame0010_ImageStatus = OK
Seq_Frame0011_FrameNumber = 1461
Seq_Frame0011_ProbeToTrackerTransform = 0.0233144 -0.172571 0.984817 196.9 0.116836 0.978899 0.168838 -31.9236 -0.992959 0.111133 0.042995 14.9572 -0 0 -0 1
Seq_Frame0011_ProbeToTrackerTransformStatus = OK
Seq_Frame0011_ReferenceToTrackerTransform = 0.0637258 0.990415 0.123813 101.129 0.998014 -0.0633777 -0.00582704 -22.9939 0.00205626 0.123932 -0.992393 88.1807 -0 0 -0 1
Seq_Frame0011_ReferenceToTrackerTransformStatus = OK
Seq_Frame0011_StylusToTrackerTransform = -0.0643937 -0.560489 -0.825581 505.532 -0.99792 0.0363016 0.0532532 -128.476 0.000101271 0.827424 -0.561736 77.9115 0 0 0 1
Seq_Frame0011_StylusToTrackerTransformStatus = OK
Seq_Frame0011_Timestamp = 7418.845431
Seq_Frame0011_UnfilteredTimestamp = 7418.837000
Seq_Frame0011_ImageStatus = OK
Seq_Frame0012_FrameNumber = 1462
Seq_Frame0012_ProbeToTrackerTransform = 0.0207596 -0.171947 0.985025 195.672 0.0988947 0.980768 0.169219 -33.2631 -0.994892 0.0938885 0.0373646 21.9894 -0 0 -0 1
Seq_Frame0012_ProbeToTrackerTransformStatus = OK
Seq_Frame0012_ReferenceToTrackerTransform = 0.0637246 0.990385 0.123931 101.129 0.998014 -0.0633761 -0.00583462 -22.9939 0.00206395 0.12405 -0.992363 88.1807 -0 0 -0 1
Seq_Frame0012_ReferenceToTrackerTransformStatus = OK
Seq_Frame0012_StylusToTrackerTransform = -0.0643299 -0.560397 -0.825732 505.532 -0.997925 0.0361944 0.0533317 -128.476 6.97422e-006 0.827457 -0.561629 77.9115 0 0 0 1
Seq_Frame0012_StylusToTrackerTransformStatus = OK
Seq_Frame0012_Timestamp = 7418.935753
Seq_Frame0012_UnfilteredTimestamp = 7418.923000
Seq_Frame0012_ImageStatus = OK
Seq_Frame0013_FrameNumber = 1463
Seq_Frame0013_ProbeToTrackerTransform = 0.0183586 -0.171329 0.985112 194.89 0.0915241 0.981538 0.168964 -33.9328 -0.995671 0.0869878 0.0336342 24.6683 -0 0 -0 1
Seq_Frame0013_ProbeToTrackerTransformStatus = OK
Seq_Frame0013_ReferenceToTrackerTransform = 0.0637246 0.990385 0.123931 101.129 0.998014 -0.0633761 -0.00583462 -22.9939 0.00206395 0.12405 -0.992363 88.1807 -0 0 -0 1
Seq_Frame0013_ReferenceToTrackerTransformStatus = OK
Seq_Frame0013_StylusToTrackerTransform = -0.0643299 -0.560397 -0.825732 505.532 -0.997925 0.0361944 0.0533317 -128.476 6.97422e-006 0.827457 -0.561629 77.9115 0 0 0 1
Seq_Frame0013_StylusToTrackerTransformStatus = OK
Seq_Frame0013_Timestamp = 7419.023779
Seq_Frame0013_UnfilteredTimestamp = 7419.004000
Seq_Frame0013_ImageStatus = OK
Seq_Frame0014_FrameNumber = 1464
Seq_Frame0014_ProbeToTrackerTransform = 0.0180092 -0.172284 0.985012 194.89 0.0916179 0.981277 0.170087 -33.8212 -0.995664 0.08713 0.0333941 24.6683 -0 0 -0 1
Seq_Frame0014_ProbeToTrackerTransformStatus = OK
Seq_Frame0014_ReferenceToTrackerTransform = 0.0637234 0.990355 0.124049 101.129 0.998014 -0.0633744 -0.00584221 -22.9939 0.00207164 0.124169 -0.992333 88.1807 -0 0 -0 1
Seq_Frame0014_ReferenceToTrackerTransformStatus = OK
Seq_Frame0014_StylusToTrackerTransform = -0.0643299 -0.560397 -0.825732 505.532 -0.997925 0.0361944 0.0533317 -128.476 6.97422e-006 0.827457 -0.561629 77.9115 0 0 0 1
Seq_Frame0014_StylusToTrackerTransformStatus = OK
Seq_Frame0014_Timestamp = 7419.111033
Seq_Frame0014_UnfilteredTimestamp = 7419.090000
Seq_Frame0014_ImageStatus = OK
Seq_Frame0015_FrameNumber = 1465
Seq_Frame0015_ProbeToTrackerTransform = 0.0197746 -0.173389 0.984824 195.56 0.103735 0.980043 0.170485 -33.7096 -0.994432 0.0988364 0.0372537 19.7569 -0 0 -0 1
Seq_Frame0015_ProbeToTrackerTransformStatus = OK
Seq_Frame0015_ReferenceToTrackerTransform = 0.0637229 0.990347 0.124048 101.129 0.998006 -0.063495 -0.00585733 -22.9939 0.00207162 0.124168 -0.992333 88.1807 -0 0 -0 1
Seq_Frame0015_ReferenceToTrackerTransformStatus = OK
Seq_Frame0015_StylusToTrackerTransform = -0.0643299 -0.560453 -0.825694 505.532 -0.997925 0.0361981 0.0533292 -128.476 6.97493e-006 0.827541 -0.561686 77.9115 0 0 0 1
Seq_Frame0015_StylusToTrackerTransformStatus = OK
Seq_Frame0015_Timestamp = 7419.197982
Seq_Frame0015_UnfilteredTimestamp = 7419.177000
Seq_Frame0015_ImageStatus = OK
Seq_Frame0016_FrameNumber = 1466
Seq_Frame0016_ProbeToTrackerTransform = 0.0200695 -0.175044 0.984459 195.449 0.114506 0.978562 0.171708 -33.0398 -0.993277 0.10929 0.0396403 15.627 -0 0 -0 1
Seq_Frame0016_ProbeToTrackerTransformStatus = OK
Seq_Frame0016_ReferenceToTrackerTransform = 0.0637229 0.990347 0.124048 101.129 0.998006 -0.063495 -0.00585733 -22.9939 0.00207162 0.124168 -0.992333 88.1807 -0 0 -0 1
Seq_Frame0016_ReferenceToTrackerTransformStatus = OK
Seq_Frame0016_StylusToTrackerTransform = -0.0643976 -0.560446 -0.825684 505.532 -0.997912 0.0362662 0.0534296 -128.476 0.000107782 0.827537 -0.561691 77.9115 0 0 0 1
Seq_Frame0016_StylusToTrackerTransformStatus = OK
Seq_Frame0016_Timestamp = 7419.284437
Seq_Frame0016_UnfilteredTimestamp = 7419.267000
Seq_Frame0016_ImageStatus = OK
Seq_Frame0017_FrameNumber = 1467
Seq_Frame0017_ProbeToTrackerTransform = 0.0196476 -0.180143 0.983606 195.225 0.131508 0.975643 0.176148 -31.2539 -0.991157 0.125849 0.0428713 9.93428 -0 0 -0 1
Seq_Frame0017_ProbeToTrackerTransformStatus = OK
Seq_Frame0017_ReferenceToTrackerTransform = 0.0637229 0.990347 0.124048 101.129 0.998006 -0.063495 -0.00585733 -22.9939 0.00207162 0.124168 -0.992333 88.1807 -0 0 -0 1
Seq_Frame0017_ReferenceToTrackerTransformStatus = OK
Seq_Frame0017_StylusToTrackerTransform = -0.0643976 -0.56039 -0.825722 505.532 -0.997912 0.0362625 0.053432 -128.476 0.000107771 0.827454 -0.561635 77.9115 0 0 0 1
Seq_Frame0017_StylusToTrackerTransformStatus = OK
Seq_Frame0017_Timestamp = 7419.369733
Seq_Frame0017_UnfilteredTimestamp = 7419.352000
Seq_Frame0017_ImageStatus = OK
Seq_Frame0018_FrameNumber = 1468
Seq_Frame0018_ProbeToTrackerTransform = 0.0168787 -0.184391 0.982885 194.556 0.146712 0.972825 0.179988 -29.6912 -0.989073 0.141066 0.0434218 3.57187 -0 0 -0 1
Seq_Frame0018_ProbeToTrackerTransformStatus = OK
Seq_Frame0018_ReferenceToTrackerTransform = 0.0637229 0.990347 0.124048 101.129 0.998006 -0.063495 -0.00585733 -22.9939 0.00207162 0.124168 -0.992333 88.1807 -0 0 -0 1
Seq_Frame0018_ReferenceToTrackerTransformStatus = OK
Seq_Frame0018_StylusToTrackerTransform = -0.064325 -0.560494 -0.825574 505.42 -0.997917 0.0362693 0.0534225 -128.476 4.76849e-007 0.827428 -0.561731 77.9115 0 0 0 1
Seq_Frame0018_StylusToTrackerTransformStatus = OK
Seq_Frame0018_Timestamp = 7419.455285
Seq_Frame0018_UnfilteredTimestamp = 7419.443000
Seq_Frame0018_ImageStatus = OK
Seq_Frame0019_FrameNumber = 1469
Seq_Frame0019_ProbeToTrackerTransform = 0.0150867 -0.186715 0.982433 194.556 0.149714 0.971853 0.182395 -29.3563 -0.988713 0.144298 0.0425359 1.78594 -0 0 -0 1
Seq_Frame0019_ProbeToTrackerTransformStatus = OK
Seq_Frame0019_ReferenceToTrackerTransform = 0.0637234 0.990355 0.124049 101.129 0.998014 -0.0633744 -0.00584221 -22.9939 0.00207164 0.124169 -0.992333 88.1807 -0 0 -0 1
Seq_Frame0019_ReferenceToTrackerTransformStatus = OK
Seq_Frame0019_StylusToTrackerTransform = -0.0643255 -0.560498 -0.825581 505.42 -0.997925 0.036201 0.0533219 -128.476 4.76853e-007 0.827428 -0.561731 77.9115 0 0 0 1
Seq_Frame0019_StylusToTrackerTransformStatus = OK
Seq_Frame0019_Timestamp = 7419.539487
Seq_Frame0019_UnfilteredTimestamp = 7419.528000
Seq_Frame0019_ImageStatus = OK
Seq_Frame0020_FrameNumber = 1470
Seq_Frame0020_ProbeToTrackerTransform = 0.0134932 -0.191924 0.98144 195.225 0.155119 0.970126 0.187606 -28.575 -0.98781 0.149767 0.0428084 -0.223242 -0 0 -0 1
Seq_Frame0020_ProbeToTrackerTransformStatus = OK
Seq_Frame0020_ReferenceToTrackerTransform = 0.0637246 0.990385 0.123931 101.129 0.998014 -0.0633761 -0.00583462 -22.9939 0.00206395 0.12405 -0.992363 88.1807 -0 0 -0 1
Seq_Frame0020_ReferenceToTrackerTransformStatus = OK
Seq_Frame0020_StylusToTrackerTransform = -0.064227 -0.56066 -0.825518 505.42 -0.997931 0.0362114 0.0533178 -128.476 5.80163e-005 0.827357 -0.561893 77.9115 0 0 0 1
Seq_Frame0020_StylusToTrackerTransformStatus = OK
Seq_Frame0020_Timestamp = 7419.621352
Seq_Frame0020_UnfilteredTimestamp = 7419.609000
Seq_Frame0020_ImageStatus = OK
Seq_Frame0021_FrameNumber = 1471
Seq_Frame0021_ProbeToTrackerTransform = 0.0124326 -0.193128 0.981235 195.56 0.155707 0.969682 0.188919 -28.575 -0.98779 0.15037 0.0421404 -0.334863 -0 0 -0 1
Seq_Frame0021_ProbeToTrackerTransformStatus = OK
Seq_Frame0021_ReferenceToTrackerTransform = 0.0637258 0.990415 0.123813 101.129 0.998014 -0.0633777 -0.00582704 -22.9939 0.00205626 0.123932 -0.992393 88.1807 -0 0 -0 1
Seq_Frame0021_ReferenceToTrackerTransformStatus = OK
Seq_Frame0021_StylusToTrackerTransform = -0.0644003 -0.560692 -0.825565 505.42 -0.99792 0.0362135 0.0533209 -128.476 9.68583e-005 0.827412 -0.561811 77.9115 0 0 0 1
Seq_Frame0021_StylusToTrackerTransformStatus = OK
Seq_Frame0021_Timestamp = 7419.702445
Seq_Frame0021_UnfilteredTimestamp = 7419.696000
Seq_Frame0021_ImageStatus = OK
Seq_Frame0022_FrameNumber = 1472
Seq_Frame0022_ProbeToTrackerTransform = 0.011717 -0.192945 0.981215 196.453 0.147979 0.970913 0.189105 -29.0215 -0.988955 0.142973 0.03992 3.01377 -0 0 -0 1
Seq_Frame0022_ProbeToTrackerTransformStatus = OK
Seq_Frame0022_ReferenceToTrackerTransform = 0.0637258 0.990415 0.123813 101.129 0.998014 -0.0633777 -0.00582704 -22.9939 0.00205626 0.123932 -0.992393 88.1807 -0 0 -0 1
Seq_Frame0022_ReferenceToTrackerTransformStatus = OK
Seq_Frame0022_StylusToTrackerTransform = -0.0643937 -0.560496 -0.825577 505.532 -0.997921 0.0362008 0.0533217 -128.476 0.000101271 0.827424 -0.561736 77.9115 0 0 0 1
Seq_Frame0022_StylusToTrackerTransformStatus = OK
Seq_Frame0022_Timestamp = 7419.782425
Seq_Frame0022_UnfilteredTimestamp = 7419.781000
Seq_Frame0022_ImageStatus = OK
Seq_Frame0023_FrameNumber = 1473
Seq_Frame0023_ProbeToTrackerTransform = 0.0118927 -0.193227 0.981206 197.123 0.132235 0.973021 0.190078 -30.5842 -0.99121 0.127483 0.0370774 8.70645 -0 0 -0 1
Seq_Frame0023_ProbeToTrackerTransformStatus = OK
Seq_Frame0023_ReferenceToTrackerTransform = 0.0637253 0.990407 0.123812 101.129 0.998006 -0.0634984 -0.00584212 -22.9939 0.00205625 0.123932 -0.992393 88.1807 -0 0 -0 1
Seq_Frame0023_ReferenceToTrackerTransformStatus = OK
Seq_Frame0023_StylusToTrackerTransform = -0.0643937 -0.560496 -0.825577 505.532 -0.997921 0.0362008 0.0533217 -128.476 0.000101271 0.827424 -0.561736 77.9115 0 0 0 1
Seq_Frame0023_StylusToTrackerTransformStatus = OK
Seq_Frame0023_Timestamp = 7419.869158
Seq_Frame0023_UnfilteredTimestamp = 7419.866000
Seq_Frame0023_ImageStatus = OK
Seq_Frame0024_FrameNumber = 1474
Seq_Frame0024_ProbeToTrackerTransform = 0.00992594 -0.193717 0.981056 197.011 0.122165 0.974137 0.191147 -31.5888 -0.992501 0.11789 0.0332857 13.0597 -0 0 -0 1
Seq_Frame0024_ProbeToTrackerTransformStatus = OK
Seq_Frame0024_ReferenceToTrackerTransform = 0.0637241 0.990377 0.12393 101.129 0.998006 -0.0634967 -0.00584972 -22.9939 0.00206394 0.12405 -0.992363 88.1807 -0 0 -0 1
Seq_Frame0024_ReferenceToTrackerTransformStatus = OK
Seq_Frame0024_StylusToTrackerTransform = -0.0642254 -0.560506 -0.825593 505.532 -0.997939 0.0361329 0.0532217 -128.476 6.89062e-005 0.827425 -0.561734 77.9115 0 0 0 1
Seq_Frame0024_StylusToTrackerTransformStatus = OK
Seq_Frame0024_Timestamp = 7419.955493
Seq_Frame0024_UnfilteredTimestamp = 7419.948000
Seq_Frame0024_ImageStatus = OK
Seq_Frame0025_FrameNumber = 1475
Seq_Frame0025_ProbeToTrackerTransform = 0.00598054 -0.19367 0.981154 196.23 0.115536 0.974789 0.191696 -32.2585 -0.993292 0.112186 0.0280742 15.9618 -0 0 -0 1
Seq_Frame0025_ProbeToTrackerTransformStatus = OK
Seq_Frame0025_ReferenceToTrackerTransform = 0.0638448 0.990369 0.12393 101.129 0.997998 -0.0634962 -0.00584968 -22.9939 0.00207905 0.124049 -0.992364 88.1807 -0 0 -0 1
Seq_Frame0025_ReferenceToTrackerTransformStatus = OK
Seq_Frame0025_StylusToTrackerTransform = -0.0643997 -0.560548 -0.825654 505.42 -0.997912 0.0362728 0.0534276 -128.476 9.68544e-005 0.827385 -0.561793 77.9115 0 0 0 1
Seq_Frame0025_StylusToTrackerTransformStatus = OK
Seq_Frame0025_Timestamp = 7420.041871
Seq_Frame0025_UnfilteredTimestamp = 7420.035000
Seq_Frame0025_ImageStatus = OK
Seq_Frame0026_FrameNumber = 1476
Seq_Frame0026_ProbeToTrackerTransform = 0.0046852 -0.191242 0.98161 195.783 0.108262 0.976022 0.189715 -32.9282 -0.994203 0.105424 0.0252461 18.9756 -0 0 -0 1
Seq_Frame0026_ProbeToTrackerTransformStatus = OK
Seq_Frame0026_ReferenceToTrackerTransform = 0.0638435 0.990339 0.124048 101.129 0.997999 -0.0634945 -0.00585728 -22.9939 0.00208675 0.124167 -0.992333 88.1807 -0 0 -0 1
Seq_Frame0026_ReferenceToTrackerTransformStatus = OK
Seq_Frame0026_StylusToTrackerTransform = -0.0643299 -0.560453 -0.825694 505.42 -0.997925 0.0361981 0.0533292 -128.476 6.97493e-006 0.827541 -0.561686 77.9115 0 0 0 1
Seq_Frame0026_StylusToTrackerTransformStatus = OK
Seq_Frame0026_Timestamp = 7420.118886
Seq_Frame0026_UnfilteredTimestamp = 7420.116000
Seq_Frame0026_ImageStatus = OK
Seq_Frame0027_FrameNumber = 1477
Seq_Frame0027_ProbeToTrackerTransform = 0.00684307 -0.191094 0.981661 195.895 0.103691 0.976528 0.189361 -33.2631 -0.994671 0.100451 0.0264809 20.315 -0 0 -0 1
Seq_Frame0027_ProbeToTrackerTransformStatus = OK
Seq_Frame0027_ReferenceToTrackerTransform = 0.0638435 0.990339 0.124048 101.129 0.997999 -0.0634945 -0.00585728 -22.9939 0.00208675 0.124167 -0.992333 88.1807 -0 0 -0 1
Seq_Frame0027_ReferenceToTrackerTransformStatus = OK
Seq_Frame0027_StylusToTrackerTransform = -0.0643278 -0.560378 -0.825706 505.532 -0.997925 0.0361933 0.05333 -128.476 1.7882e-005 0.827552 -0.561489 77.9115 0 0 0 1
Seq_Frame0027_StylusToTrackerTransformStatus = OK
Seq_Frame0027_Timestamp = 7420.205100
Seq_Frame0027_UnfilteredTimestamp = 7420.204000
Seq_Frame0027_ImageStatus = OK
Seq_Frame0028_FrameNumber = 1478
Seq_Frame0028_ProbeToTrackerTransform = 0.00814112 -0.196561 0.98055 196.565 0.109948 0.974825 0.19463 -32.4817 -0.993921 0.106138 0.0295829 17.078 -0 0 -0 1
Seq_Frame0028_ProbeToTrackerTransformStatus = OK
Seq_Frame0028_ReferenceToTrackerTransform = 0.0638423 0.990309 0.124166 101.129 0.997999 -0.0634929 -0.00586488 -22.9939 0.00209445 0.124285 -0.992303 88.1807 -0 0 -0 1
Seq_Frame0028_ReferenceToTrackerTransformStatus = OK
Seq_Frame0028_StylusToTrackerTransform = -0.0643278 -0.560378 -0.825706 505.532 -0.997925 0.0361933 0.05333 -128.476 1.7882e-005 0.827552 -0.561489 77.9115 0 0 0 1
Seq_Frame0028_StylusToTrackerTransformStatus = OK
Seq_Frame0028_Timestamp = 7420.293129
Seq_Frame0028_UnfilteredTimestamp = 7420.296000
Seq_Frame0028_ImageStatus = OK
Seq_Frame0029_FrameNumber = 1479
Seq_Frame0029_ProbeToTrackerTransform = 0.00188906 -0.207973 0.978257 196.118 0.116233 0.971685 0.20632 -31.1423 -0.993279 0.113314 0.0259452 12.6132 -0 0 -0 1
Seq_Frame0029_ProbeToTrackerTransformStatus = OK
Seq_Frame0029_ReferenceToTrackerTransform = 0.0638423 0.990309 0.124166 101.129 0.997999 -0.0634929 -0.00586488 -22.9939 0.00209445 0.124285 -0.992303 88.1807 -0 0 -0 1
Seq_Frame0029_ReferenceToTrackerTransformStatus = OK
Seq_Frame0029_StylusToTrackerTransform = -0.0643299 -0.560453 -0.825694 505.532 -0.997925 0.0361981 0.0533292 -128.476 6.97493e-006 0.827541 -0.561686 77.9115 0 0 0 1
Seq_Frame0029_StylusToTrackerTransformStatus = OK
Seq_Frame0029_Timestamp = 7420.377757
Seq_Frame0029_UnfilteredTimestamp = 7420.372000
Seq_Frame0029_ImageStatus = OK
Seq_Frame0030_FrameNumber = 1480
Seq_Frame0030_ProbeToTrackerTransform = -0.000661546 -0.210505 0.977658 195.56 0.121379 0.970496 0.209024 -30.6958 -0.992663 0.118797 0.0248314 9.48779 -0 -0 -0 1
Seq_Frame0030_ProbeToTrackerTransformStatus = OK
Seq_Frame0030_ReferenceToTrackerTransform = 0.0638423 0.990309 0.124166 101.129 0.997999 -0.0634929 -0.00586488 -22.9939 0.00209445 0.124285 -0.992303 88.1807 -0 0 -0 1
Seq_Frame0030_ReferenceToTrackerTransformStatus = OK
Seq_Frame0030_StylusToTrackerTransform = -0.0643299 -0.560453 -0.825694 505.42 -0.997925 0.0361981 0.0533292 -128.476 6.97493e-006 0.827541 -0.561686 77.9115 0 0 0 1
Seq_Frame0030_StylusToTrackerTransformStatus = OK
Seq_Frame0030_Timestamp = 7420.462386
Seq_Frame0030_UnfilteredTimestamp = 7420.460000
Seq_Frame0030_ImageStatus = OK
Seq_Frame0031_FrameNumber = 1481
Seq_Frame0031_ProbeToTrackerTransform = -0.0016507 -0.216145 0.976514 195.783 0.133934 0.967618 0.214521 -30.0261 -0.991014 0.131129 0.0273046 4.12998 -0 -0 -0 1
Seq_Frame0031_ProbeToTrackerTransformStatus = OK
Seq_Frame0031_ReferenceToTrackerTransform = 0.0637217 0.990317 0.124167 101.129 0.998006 -0.0634934 -0.00586493 -22.9939 0.00207931 0.124286 -0.992303 88.1807 -0 0 -0 1
Seq_Frame0031_ReferenceToTrackerTransformStatus = OK
Seq_Frame0031_StylusToTrackerTransform = -0.0643255 -0.560498 -0.825581 505.42 -0.997925 0.036201 0.0533219 -128.476 4.76853e-007 0.827428 -0.561731 77.9115 0 0 0 1
Seq_Frame0031_StylusToTrackerTransformStatus = OK
Seq_Frame0031_Timestamp = 7420.547614
Seq_Frame0031_UnfilteredTimestamp = 7420.547000
Seq_Frame0031_ImageStatus = OK
Seq_Frame0032_FrameNumber = 1482
Seq_Frame0032_ProbeToTrackerTransform = -0.00370117 -0.221896 0.975145 196.342 0.142659 0.965118 0.220234 -29.3563 -0.989795 0.139879 0.0279975 0.781348 -0 -0 -0 1
Seq_Frame0032_ProbeToTrackerTransformStatus = OK
Seq_Frame0032_ReferenceToTrackerTransform = 0.0637217 0.990317 0.124167 101.129 0.998006 -0.0634934 -0.00586493 -22.9939 0.00207931 0.124286 -0.992303 88.1807 -0 0 -0 1
Seq_Frame0032_ReferenceToTrackerTransformStatus = OK
Seq_Frame0032_StylusToTrackerTransform = -0.0643319 -0.560695 -0.825569 505.532 -0.997924 0.0362137 0.0533211 -128.476 -3.93456e-006 0.827416 -0.561806 77.9115 0 0 0 1
Seq_Frame0032_StylusToTrackerTransformStatus = OK
Seq_Frame0032_Timestamp = 7420.632614
Seq_Frame0032_UnfilteredTimestamp = 7420.631000
Seq_Frame0032_ImageStatus = OK
Seq_Frame0033_FrameNumber = 1483
Seq_Frame0033_ProbeToTrackerTransform = -0.00380788 -0.225702 0.974256 197.011 0.146641 0.963703 0.223864 -28.9099 -0.989234 0.1437 0.0294531 0.111621 -0 -0 -0 1
Seq_Frame0033_ProbeToTrackerTransformStatus = OK
Seq_Frame0033_ReferenceToTrackerTransform = 0.0637229 0.990347 0.124048 101.129 0.998006 -0.063495 -0.00585733 -22.9939 0.00207162 0.124168 -0.992333 88.1807 -0 0 -0 1
Seq_Frame0033_ReferenceToTrackerTransformStatus = OK
Seq_Frame0033_StylusToTrackerTransform = -0.0642319 -0.560646 -0.825619 505.532 -0.997939 0.036142 0.0532234 -128.476 6.44973e-005 0.82733 -0.561753 77.9115 0 0 0 1
Seq_Frame0033_StylusToTrackerTransformStatus = OK
Seq_Frame0033_Timestamp = 7420.716543
Seq_Frame0033_UnfilteredTimestamp = 7420.713000
Seq_Frame0033_ImageStatus = OK
Seq_Frame0034_FrameNumber = 1484
Seq_Frame0034_ProbeToTrackerTransform = -0.00846079 -0.229271 0.973391 197.458 0.138886 0.963816 0.228224 -29.6912 -0.990306 0.13716 0.023737 3.90674 -0 -0 -0 1
Seq_Frame0034_ProbeToTrackerTransformStatus = OK
Seq_Frame0034_ReferenceToTrackerTransform = 0.0637229 0.990347 0.124048 101.129 0.998006 -0.063495 -0.00585733 -22.9939 0.00207162 0.124168 -0.992333 88.1807 -0 0 -0 1
Seq_Frame0034_ReferenceToTrackerTransformStatus = OK
Seq_Frame0034_StylusToTrackerTransform = -0.0643299 -0.560453 -0.825694 505.532 -0.997925 0.0361981 0.0533292 -128.476 6.97493e-006 0.827541 -0.561686 77.9115 0 0 0 1
Seq_Frame0034_StylusToTrackerTransformStatus = OK
Seq_Frame0034_Timestamp = 7420.800814
Seq_Frame0034_UnfilteredTimestamp = 7420.800000
Seq_Frame0034_ImageStatus = OK
Seq_Frame0035_FrameNumber = 1485
Seq_Frame0035_ProbeToTrackerTransform = -0.00799984 -0.228145 0.973677 197.346 0.130179 0.965246 0.227274 -30.6958 -0.991469 0.128513 0.022037 7.36699 -0 -0 -0 1
Seq_Frame0035_ProbeToTrackerTransformStatus = OK
Seq_Frame0035_ReferenceToTrackerTransform = 0.0638423 0.990309 0.124166 101.129 0.997999 -0.0634929 -0.00586488 -22.9939 0.00209445 0.124285 -0.992303 88.1807 -0 0 -0 1
Seq_Frame0035_ReferenceToTrackerTransformStatus = OK
Seq_Frame0035_StylusToTrackerTransform = -0.0643299 -0.560537 -0.825637 505.532 -0.997925 0.0362035 0.0533256 -128.476 6.97445e-006 0.827484 -0.561647 77.9115 0 0 0 1
Seq_Frame0035_StylusToTrackerTransformStatus = OK
Seq_Frame0035_Timestamp = 7420.884214
Seq_Frame0035_UnfilteredTimestamp = 7420.880000
Seq_Frame0035_ImageStatus = OK
Seq_Frame0036_FrameNumber = 1486
Seq_Frame0036_ProbeToTrackerTransform = -0.00555748 -0.226365 0.974159 197.458 0.124071 0.966522 0.22543 -30.919 -0.992334 0.122069 0.0227854 11.2737 -0 -0 -0 1
Seq_Frame0036_ProbeToTrackerTransformStatus = OK
Seq_Frame0036_ReferenceToTrackerTransform = 0.0638423 0.990308 0.124174 101.017 0.997998 -0.063508 -0.00574399 -22.9939 0.00209445 0.124285 -0.992303 88.1807 -0 0 -0 1
Seq_Frame0036_ReferenceToTrackerTransformStatus = OK
Seq_Frame0036_StylusToTrackerTransform = -0.0643299 -0.560397 -0.825732 505.532 -0.997925 0.0361944 0.0533317 -128.476 6.97422e-006 0.827457 -0.561629 77.9115 0 0 0 1
Seq_Frame0036_StylusToTrackerTransformStatus = OK
Seq_Frame0036_Timestamp = 7420.968443
Seq_Frame0036_UnfilteredTimestamp = 7420.967000
Seq_Frame0036_ImageStatus = OK
Seq_Frame0037_FrameNumber = 1487
Seq_Frame0037_ProbeToTrackerTransform = -0.00516961 -0.226235 0.9741 197.793 0.117624 0.96728 0.225376 -31.1423 -0.993042 0.115791 0.021678 14.9572 -0 -0 -0 1
Seq_Frame0037_ProbeToTrackerTransformStatus = OK
Seq_Frame0037_ReferenceToTrackerTransform = 0.0638411 0.990278 0.124292 101.017 0.997998 -0.0635064 -0.0057516 -22.9939 0.00210215 0.124403 -0.992273 88.1807 -0 0 -0 1
Seq_Frame0037_ReferenceToTrackerTransformStatus = OK
Seq_Frame0037_StylusToTrackerTransform = -0.0644982 -0.560386 -0.825717 505.532 -0.997906 0.0362623 0.0534317 -128.476 3.93559e-005 0.827456 -0.561631 77.9115 0 0 0 1
Seq_Frame0037_StylusToTrackerTransformStatus = OK
Seq_Frame0037_Timestamp = 7421.053229
Seq_Frame0037_UnfilteredTimestamp = 7421.055000
Seq_Frame0037_ImageStatus = OK
Seq_Frame0038_FrameNumber = 1488
Seq_Frame0038_ProbeToTrackerTransform = -0.00541731 -0.223797 0.974764 197.569 0.112382 0.968515 0.223003 -31.5888 -0.993643 0.110792 0.0199627 18.3059 -0 -0 -0 1
Seq_Frame0038_ProbeToTrackerTransformStatus = OK
Seq_Frame0038_ReferenceToTrackerTransform = 0.0638399 0.990248 0.12441 101.017 0.997998 -0.0635047 -0.0057592 -22.9939 0.00210985 0.124522 -0.992243 88.1807 -0 0 -0 1
Seq_Frame0038_ReferenceToTrackerTransformStatus = OK
Seq_Frame0038_StylusToTrackerTransform = -0.0643299 -0.560453 -0.825694 505.532 -0.997925 0.0361981 0.0533292 -128.476 6.97493e-006 0.827541 -0.561686 77.9115 0 0 0 1
Seq_Frame0038_StylusToTrackerTransformStatus = OK
Seq_Frame0038_Timestamp = 7421.137829
Seq_Frame0038_UnfilteredTimestamp = 7421.136000
Seq_Frame0038_ImageStatus = OK
Seq_Frame0039_FrameNumber = 1489
Seq_Frame0039_ProbeToTrackerTransform = -0.00655813 -0.221598 0.975266 197.011 0.106939 0.969553 0.221035 -32.3701 -0.994226 0.105718 0.0174263 19.8686 -0 -0 -0 1
Seq_Frame0039_ProbeToTrackerTransformStatus = OK
Seq_Frame0039_ReferenceToTrackerTransform = 0.0637192 0.990256 0.12441 101.017 0.998006 -0.0635052 -0.00575925 -22.9939 0.00209468 0.124522 -0.992243 88.1807 -0 0 -0 1
Seq_Frame0039_ReferenceToTrackerTransformStatus = OK
Seq_Frame0039_StylusToTrackerTransform = -0.0642254 -0.560506 -0.825593 505.532 -0.997939 0.0361329 0.0532217 -128.364 6.89062e-005 0.827425 -0.561734 77.9115 0 0 0 1
Seq_Frame0039_StylusToTrackerTransformStatus = OK
Seq_Frame0039_Timestamp = 7421.222714
Seq_Frame0039_UnfilteredTimestamp = 7421.222000
Seq_Frame0039_ImageStatus = OK
Seq_Frame0040_FrameNumber = 1490
Seq_Frame0040_ProbeToTrackerTransform = -0.00538218 -0.219551 0.975724 196.342 0.109428 0.969763 0.218802 -32.5934 -0.99407 0.107906 0.0188056 18.1942 -0 -0 -0 1
Seq_Frame0040_ProbeToTrackerTransformStatus = OK
Seq_Frame0040_ReferenceToTrackerTransform = 0.063718 0.990226 0.124528 101.017 0.998006 -0.0635035 -0.00576685 -22.9939 0.00210237 0.124641 -0.992213 88.1807 -0 0 -0 1
Seq_Frame0040_ReferenceToTrackerTransformStatus = OK
Seq_Frame0040_StylusToTrackerTransform = -0.0643319 -0.560638 -0.825607 505.42 -0.997924 0.03621 0.0533236 -128.476 -3.93416e-006 0.827332 -0.561749 77.9115 0 0 0 1
Seq_Frame0040_StylusToTrackerTransformStatus = OK
Seq_Frame0040_Timestamp = 7421.307843
Seq_Frame0040_UnfilteredTimestamp = 7421.310000
Seq_Frame0040_ImageStatus = OK
Seq_Frame0041_FrameNumber = 1491
Seq_Frame0041_ProbeToTrackerTransform = -0.0069072 -0.220547 0.975476 195.783 0.118368 0.968521 0.219911 -31.9236 -0.992966 0.117044 0.0193891 13.0597 -0 -0 -0 1
Seq_Frame0041_ProbeToTrackerTransformStatus = OK
Seq_Frame0041_ReferenceToTrackerTransform = 0.063718 0.990226 0.124528 101.017 0.998006 -0.0635035 -0.00576685 -22.9939 0.00210237 0.124641 -0.992213 88.1807 -0 0 -0 1
Seq_Frame0041_ReferenceToTrackerTransformStatus = OK
Seq_Frame0041_StylusToTrackerTransform = -0.0641571 -0.560509 -0.825596 505.532 -0.997944 0.0361331 0.0532219 -128.476 -3.18901e-005 0.827429 -0.561729 77.9115 0 0 0 1
Seq_Frame0041_StylusToTrackerTransformStatus = OK
Seq_Frame0041_Timestamp = 7421.392414
Seq_Frame0041_UnfilteredTimestamp = 7421.391000
Seq_Frame0041_ImageStatus = OK
Seq_Frame0042_FrameNumber = 1492
Seq_Frame0042_ProbeToTrackerTransform = -0.0127893 -0.224346 0.974483 195.56 0.124232 0.966775 0.224236 -31.0307 -0.992166 0.123836 0.0155883 8.70645 -0 -0 -0 1
Seq_Frame0042_ProbeToTrackerTransformStatus = OK
Seq_Frame0042_ReferenceToTrackerTransform = 0.0637041 0.990257 0.12441 101.017 0.998007 -0.0635052 -0.00575925 -22.9939 0.00221557 0.124515 -0.992243 88.1807 -0 0 -0 1
Seq_Frame0042_ReferenceToTrackerTransformStatus = OK
Seq_Frame0042_StylusToTrackerTransform = -0.0643255 -0.560498 -0.825581 505.532 -0.997925 0.036201 0.0533219 -128.476 4.76853e-007 0.827428 -0.561731 77.9115 0 0 0 1
Seq_Frame0042_StylusToTrackerTransformStatus = OK
Seq_Frame0042_Timestamp = 7421.477057
Seq_Frame0042_UnfilteredTimestamp = 7421.476000
Seq_Frame0042_ImageStatus = OK
Seq_Frame0043_FrameNumber = 1493
Seq_Frame0043_ProbeToTrackerTransform = -0.0171429 -0.23172 0.972737 196.007 0.127213 0.96452 0.232016 -30.2493 -0.991774 0.127586 0.0129671 4.91133 -0 -0 -0 1
Seq_Frame0043_ProbeToTrackerTransformStatus = OK
Seq_Frame0043_ReferenceToTrackerTransform = 0.0637041 0.990257 0.12441 101.017 0.998007 -0.0635052 -0.00575925 -22.9939 0.00221557 0.124515 -0.992243 88.1807 -0 0 -0 1
Seq_Frame0043_ReferenceToTrackerTransformStatus = OK
Seq_Frame0043_StylusToTrackerTransform = -0.0643255 -0.560498 -0.825581 505.42 -0.997925 0.036201 0.0533219 -128.476 4.76853e-007 0.827428 -0.561731 77.9115 0 0 0 1
Seq_Frame0043_StylusToTrackerTransformStatus = OK
Seq_Frame0043_Timestamp = 7421.562514
Seq_Frame0043_UnfilteredTimestamp = 7421.565000
Seq_Frame0043_ImageStatus = OK
Seq_Frame0044_FrameNumber = 1494
Seq_Frame0044_ProbeToTrackerTransform = -0.0178649 -0.235135 0.971925 196.342 0.132361 0.962931 0.235418 -29.5796 -0.99112 0.132809 0.0139557 2.23242 -0 -0 -0 1
Seq_Frame0044_ProbeToTrackerTransformStatus = OK
Seq_Frame0044_ReferenceToTrackerTransform = 0.0637053 0.990287 0.124292 101.017 0.998007 -0.0635069 -0.00575165 -22.9939 0.00220788 0.124397 -0.992274 88.1807 -0 0 -0 1
Seq_Frame0044_ReferenceToTrackerTransformStatus = OK
Seq_Frame0044_StylusToTrackerTransform = -0.0643319 -0.560555 -0.825664 505.42 -0.997924 0.0362046 0.0533273 -128.476 -3.93443e-006 0.827389 -0.561787 77.9115 0 0 0 1
Seq_Frame0044_StylusToTrackerTransformStatus = OK
Seq_Frame0044_Timestamp = 7421.647871
Seq_Frame0044_UnfilteredTimestamp = 7421.651000
Seq_Frame0044_ImageStatus = OK
Seq_Frame0045_FrameNumber = 1495
Seq_Frame0045_ProbeToTrackerTransform = -0.0149893 -0.23672 0.971617 197.123 0.135733 0.962282 0.236592 -29.0215 -0.990662 0.13545 0.0176933 1.11621 -0 -0 -0 1
Seq_Frame0045_ProbeToTrackerTransformStatus = OK
Seq_Frame0045_ReferenceToTrackerTransform = 0.0637209 0.990294 0.124293 101.017 0.998014 -0.0633862 -0.0057365 -22.9939 0.00208701 0.124405 -0.992273 88.1807 -0 0 -0 1
Seq_Frame0045_ReferenceToTrackerTransformStatus = OK
Seq_Frame0045_StylusToTrackerTransform = -0.0643299 -0.560543 -0.825633 505.42 -0.997925 0.0361027 0.053394 -128.476 6.97445e-006 0.827484 -0.561647 77.9115 0 0 -0 1
Seq_Frame0045_StylusToTrackerTransformStatus = OK
Seq_Frame0045_Timestamp = 7421.732271
Seq_Frame0045_UnfilteredTimestamp = 7421.730000
Seq_Frame0045_ImageStatus = OK
Seq_Frame0046_FrameNumber = 1496
Seq_Frame0046_ProbeToTrackerTransform = -0.01189 -0.233562 0.972381 197.234 0.131136 0.963666 0.233076 -29.6912 -0.99138 0.13025 0.0192121 3.57187 -0 -0 -0 1
Seq_Frame0046_ProbeToTrackerTransformStatus = OK
Seq_Frame0046_ReferenceToTrackerTransform = 0.0637209 0.990294 0.124293 101.017 0.998014 -0.0633862 -0.0057365 -22.9939 0.00208701 0.124405 -0.992273 88.1807 -0 0 -0 1
Seq_Frame0046_ReferenceToTrackerTransformStatus = OK
Seq_Frame0046_StylusToTrackerTransform = -0.0643255 -0.560498 -0.825581 505.532 -0.997925 0.036201 0.0533219 -128.476 4.76853e-007 0.827428 -0.561731 77.9115 0 0 0 1
Seq_Frame0046_StylusToTrackerTransformStatus = OK
Seq_Frame0046_Timestamp = 7421.815786
Seq_Frame0046_UnfilteredTimestamp = 7421.812000
Seq_Frame0046_ImageStatus = OK
Seq_Frame0047_FrameNumber = 1497
Seq_Frame0047_ProbeToTrackerTransform = -0.0106327 -0.227303 0.973901 196.565 0.122031 0.966427 0.226944 -31.0307 -0.992502 0.121304 0.0174926 7.9251 -0 -0 -0 1
Seq_Frame0047_ProbeToTrackerTransformStatus = OK
Seq_Frame0047_ReferenceToTrackerTransform = 0.0637209 0.990294 0.124293 101.017 0.998014 -0.0633862 -0.0057365 -22.9939 0.00208701 0.124405 -0.992273 88.1807 -0 0 -0 1
Seq_Frame0047_ReferenceToTrackerTransformStatus = OK
Seq_Frame0047_StylusToTrackerTransform = -0.0644276 -0.560648 -0.8255 505.532 -0.99791 0.0362793 0.0534177 -128.476 -7.88784e-005 0.827362 -0.561885 77.9115 0 0 0 1
Seq_Frame0047_StylusToTrackerTransformStatus = OK
Seq_Frame0047_Timestamp = 7421.900029
Seq_Frame0047_UnfilteredTimestamp = 7421.899000
Seq_Frame0047_ImageStatus = OK
Seq_Frame0048_FrameNumber = 1498
Seq_Frame0048_ProbeToTrackerTransform = -0.0115389 -0.224137 0.974618 196.007 0.115752 0.967886 0.223994 -31.5888 -0.993262 0.115367 0.0148392 10.8272 -0 -0 -0 1
Seq_Frame0048_ProbeToTrackerTransformStatus = OK
Seq_Frame0048_ReferenceToTrackerTransform = 0.0637053 0.990287 0.124292 101.017 0.998007 -0.0635069 -0.00575165 -22.9939 0.00220788 0.124397 -0.992274 88.1807 -0 0 -0 1
Seq_Frame0048_ReferenceToTrackerTransformStatus = OK
Seq_Frame0048_StylusToTrackerTransform = -0.0644276 -0.560648 -0.8255 505.42 -0.99791 0.0362793 0.0534177 -128.476 -7.88784e-005 0.827362 -0.561885 77.9115 0 0 0 1
Seq_Frame0048_StylusToTrackerTransformStatus = OK
Seq_Frame0048_Timestamp = 7421.984114
Seq_Frame0048_UnfilteredTimestamp = 7421.979000
Seq_Frame0048_ImageStatus = OK
Seq_Frame0049_FrameNumber = 1499
Seq_Frame0049_ProbeToTrackerTransform = -0.0126616 -0.223901 0.974579 195.895 0.109852 0.968539 0.223928 -31.5888 -0.99396 0.109906 0.0124252 14.2875 -0 -0 -0 1
Seq_Frame0049_ProbeToTrackerTransformStatus = OK
Seq_Frame0049_ReferenceToTrackerTransform = 0.0637041 0.990257 0.12441 101.017 0.998007 -0.0635052 -0.00575925 -22.9939 0.00221557 0.124515 -0.992243 88.1807 -0 0 -0 1
Seq_Frame0049_ReferenceToTrackerTransformStatus = OK
