%YAML:1.0
---
image_width: 640
image_height: 480
camera_matrix: !!opencv-matrix
   rows: 3
   cols: 3
   dt: d
   data: [ 6.8374813323196008e+02, 0., 3.4214317740853750e+02, 0.,
       6.8940294300500489e+02, 2.2770108016270896e+02, 0., 0., 1. ]
distortion_coefficients: !!opencv-matrix
   rows: 1
   cols: 5
   dt: d
   data: [ -1.1730826671839624e-01, 1.0390064823439828e-01,
       2.3019203068105266e-02, 2.7513086600674847e-03,
       -1.5404120998729764e+00 ]
