%YAML:1.0
---
image_width: 640
image_height: 480
camera_matrix: !!opencv-matrix
   rows: 3
   cols: 3
   dt: d
   data: [ 5.3856209724976384e+002, 0., 3.1154722755832159e+002, 0.,
       5.3747608815287549e+002, 2.4399068047080732e+002, 0., 0., 1. ]
distortion_coefficients: !!opencv-matrix
   rows: 1
   cols: 5
   dt: d
   data: [ 1.3881395866116988e-001, -2.0439612699117185e-001,
       1.3263182203270192e-003, -1.1006601665011220e-003,
       -8.8534518046638366e-002 ]
