;; stylus
;; a test marker based on an NDI passive stylus
;; 2018-07-03 11:46:00
[geometry]
count=4
id=101
[fiducial0]
x=-24.3012
y=-29.5377
z=0.14917
[fiducial1]
x=-66.7241
y=14.0559
z=-6.80029
[fiducial2]
x=20.8942
y=3.55241
z=1.4325
[fiducial3]
x=70.131
y=11.9294
z=5.21875
[pivot]
x=0.0000
y=0.0000
z=0.0000
